(0.0, 0.0, 0.0) 
(0.0, 0.0, 0.0) 
(0.0, 0.0, 0.0) 
(-1.59, -11.02, -2.05) 
(-1.59, -11.02, -2.05) 
(-1.59, -11.02, -2.05) 
(-1.59, -11.02, -2.05) 
(-1.27, -11.23, -1.6600000000000001) 
(-1.27, -11.23, -1.6600000000000001) 
(-1.27, -11.23, -1.6600000000000001) 
(-1.06, -12.64, -0.68) 
(-1.06, -12.64, -0.68) 
(-1.06, -12.64, -0.68) 
(-1.04, -12.84, -0.49) 
(-1.04, -12.84, -0.49) 
(-1.04, -12.84, -0.49) 
(-1.01, -12.38, -0.49) 
(-1.01, -12.38, -0.49) 
(-1.01, -12.38, -0.49) 
(-1.06, -11.59, -0.58) 
(-1.06, -11.59, -0.58) 
(-1.06, -11.59, -0.58) 
(-1.3, -9.35, -0.84) 
(-1.3, -9.35, -0.84) 
(-1.3, -9.35, -0.84) 
(-1.52, -9.14, -1.6600000000000001) 
(-1.52, -9.14, -1.6600000000000001) 
(-1.52, -9.14, -1.6600000000000001) 
(-1.55, -10.35, -1.59) 
(-1.55, -10.35, -1.59) 
(-1.55, -10.35, -1.59) 
(-1.76, -10.81, -1.28) 
(-1.76, -10.81, -1.28) 
(-1.76, -10.81, -1.28) 
(-1.48, -13.08, 0.53) 
(-1.48, -13.08, 0.53) 
(-1.48, -13.08, 0.53) 
(-1.41, -13.3, 1.09) 
(-1.41, -13.3, 1.09) 
(-1.41, -13.3, 1.09) 
(-1.24, -13.07, 1.59) 
(-1.24, -13.07, 1.59) 
(-1.24, -13.07, 1.59) 
(-1.44, -11.46, 1.74) 
(-1.44, -11.46, 1.74) 
(-1.44, -11.46, 1.74) 
(-1.34, -10.38, 1.05) 
(-1.34, -10.38, 1.05) 
(-1.34, -10.38, 1.05) 
(-1.45, -8.97, -0.14) 
(-1.45, -8.97, -0.14) 
(-1.45, -8.97, -0.14) 
(-1.59, -7.79, -0.96) 
(-1.59, -7.79, -0.96) 
(-1.59, -7.79, -0.96) 
(-1.53, -8.13, -0.53) 
(-1.53, -8.13, -0.53) 
(-1.53, -8.13, -0.53) 
(-1.81, -9.27, 0.46) 
(-1.81, -9.27, 0.46) 
(-1.81, -9.27, 0.46) 
(-2.16, -11.13, 1.01) 
(-2.16, -11.13, 1.01) 
(-2.16, -11.13, 1.01) 
(-2.36, -12.19, 2.2800000000000002) 
(-2.36, -12.19, 2.2800000000000002) 
(-2.49, -12.84, 3.31) 
(-2.49, -12.84, 3.31) 
(-2.49, -12.84, 3.31) 
(-2.29, -11.98, 3.2600000000000002) 
(-2.29, -11.98, 3.2600000000000002) 
(-2.29, -11.98, 3.2600000000000002) 
(-2.18, -11.46, 3.52) 
(-2.18, -11.46, 3.52) 
(-2.18, -11.46, 3.52) 
(-1.94, -9.99, 2.49) 
(-1.94, -9.99, 2.49) 
(-1.94, -9.99, 2.49) 
(-1.85, -8.6, 1.06) 
(-1.85, -8.6, 1.06) 
(-1.76, -8.31, -0.1) 
(-1.76, -8.31, -0.1) 
(-1.76, -8.31, -0.1) 
(-1.83, -7.8100000000000005, -0.33) 
(-1.83, -7.8100000000000005, -0.33) 
(-1.83, -7.8100000000000005, -0.33) 
(-1.84, -9.31, 0.89) 
(-1.84, -9.31, 0.89) 
(-1.84, -9.31, 0.89) 
(-1.7, -11.01, 1.24) 
(-1.7, -11.01, 1.24) 
(-1.7, -11.01, 1.24) 
(-1.58, -12.33, 2.0) 
(-1.58, -12.33, 2.0) 
(-1.58, -12.33, 2.0) 
(-1.75, -13.280000000000001, 2.68) 
(-1.75, -13.280000000000001, 2.68) 
(-1.75, -13.280000000000001, 2.68) 
(-1.86, -12.94, 4.46) 
(-1.86, -12.94, 4.46) 
(-1.86, -12.94, 4.46) 
(-1.86, -12.94, 4.46) 
(-1.84, -12.74, 5.13) 
(-1.84, -12.74, 5.13) 
(-1.84, -12.74, 5.13) 
(-1.82, -11.16, 5.94) 
(-1.82, -11.16, 5.94) 
(-1.82, -11.16, 5.94) 
(-1.82, -11.16, 5.94) 
(-1.76, -11.56, 4.99) 
(-1.76, -11.56, 4.99) 
(-1.76, -11.56, 4.99) 
(-1.77, -9.16, 2.9) 
(-1.77, -9.16, 2.9) 
(-1.77, -9.16, 2.9) 
(-1.6500000000000001, -9.1, 2.6) 
(-1.49, -9.040000000000001, 2.2600000000000002) 
(-1.49, -9.040000000000001, 2.2600000000000002) 
(-1.34, -10.38, 1.53) 
(-1.34, -10.38, 1.53) 
(-1.34, -10.38, 1.53) 
(-1.3800000000000001, -11.15, 2.29) 
(-1.3800000000000001, -11.15, 2.29) 
(-1.2, -11.85, 3.15) 
(-1.2, -11.85, 3.15) 
(-1.2, -11.85, 3.15) 
(-1.09, -12.44, 3.7) 
(-1.09, -12.44, 3.7) 
(-1.18, -12.33, 4.38) 
(-1.18, -12.33, 4.38) 
(-1.18, -12.33, 4.38) 
(-1.32, -11.94, 4.54) 
(-1.32, -11.94, 4.54) 
(-1.32, -11.94, 4.54) 
(-1.58, -11.55, 4.44) 
(-1.58, -11.55, 4.44) 
(-1.83, -11.23, 4.13) 
(-1.83, -11.23, 4.13) 
(-1.83, -11.23, 4.13) 
(-1.8, -10.67, 3.7800000000000002) 
(-1.8, -10.67, 3.7800000000000002) 
(-1.58, -10.67, 3.69) 
(-1.58, -10.67, 3.69) 
(-1.58, -10.67, 3.69) 
(-1.27, -10.85, 3.65) 
(-1.07, -11.370000000000001, 3.88) 
(-1.07, -11.370000000000001, 3.88) 
(-1.17, -11.64, 4.15) 
(-1.17, -11.64, 4.15) 
(-1.17, -11.64, 4.15) 
(-1.35, -11.71, 4.41) 
(-1.35, -11.71, 4.41) 
(-1.35, -11.71, 4.41) 
(-1.35, -11.71, 4.41) 
(-1.54, -11.73, 4.4) 
(-1.54, -11.73, 4.4) 
(-1.54, -11.73, 4.4) 
(-1.77, -11.64, 4.69) 
(-1.77, -11.64, 4.69) 
(-1.77, -11.64, 4.69) 
(-1.77, -11.64, 4.69) 
(-1.79, -11.65, 4.61) 
(-1.79, -11.65, 4.61) 
(-1.79, -11.65, 4.61) 
(-1.6300000000000001, -11.47, 4.34) 
(-1.6300000000000001, -11.47, 4.34) 
(-1.6300000000000001, -11.47, 4.34) 
(-1.5, -11.200000000000001, 4.14) 
(-1.5, -11.200000000000001, 4.14) 
(-1.5, -11.200000000000001, 4.14) 
(-1.33, -10.93, 3.7800000000000002) 
(-1.33, -10.93, 3.7800000000000002) 
(-1.33, -10.93, 3.7800000000000002) 
(-1.24, -10.77, 3.8000000000000003) 
(-1.24, -10.77, 3.8000000000000003) 
(-1.24, -10.77, 3.8000000000000003) 
(-1.24, -10.77, 3.8000000000000003) 
(-1.24, -10.73, 3.75) 
(-1.24, -10.73, 3.75) 
(-1.24, -10.73, 3.75) 
(-1.31, -10.540000000000001, 3.62) 
(-1.31, -10.540000000000001, 3.62) 
(-1.31, -10.540000000000001, 3.62) 
(-1.36, -10.5, 3.61) 
(-1.36, -10.5, 3.61) 
(-1.36, -10.5, 3.61) 
(-1.45, -10.43, 3.62) 
(-1.45, -10.43, 3.62) 
(-1.45, -10.43, 3.62) 
(-1.47, -10.3, 3.74) 
(-1.47, -10.3, 3.74) 
(-1.47, -10.3, 3.74) 
(-1.47, -10.3, 3.74) 
(-1.26, -10.11, 3.89) 
(-1.26, -10.11, 3.89) 
(-1.26, -10.11, 3.89) 
(-1.18, -9.89, 3.81) 
(-1.18, -9.89, 3.81) 
(-1.18, -9.89, 3.81) 
(-1.1300000000000001, -9.78, 3.61) 
(-1.1300000000000001, -9.78, 3.61) 
(-1.1300000000000001, -9.78, 3.61) 
(-1.21, -9.61, 3.52) 
(-1.21, -9.61, 3.52) 
(-1.21, -9.61, 3.52) 
(-1.34, -9.370000000000001, 3.41) 
(-1.34, -9.370000000000001, 3.41) 
(-1.34, -9.370000000000001, 3.41) 
(-1.34, -9.370000000000001, 3.41) 
(-1.27, -9.28, 3.46) 
(-1.27, -9.28, 3.46) 
(-1.27, -9.28, 3.46) 
(-1.17, -9.25, 3.46) 
(-1.17, -9.25, 3.46) 
(-1.17, -9.25, 3.46) 
(-0.9500000000000001, -9.14, 3.37) 
(-0.9500000000000001, -9.14, 3.37) 
(-0.9500000000000001, -9.14, 3.37) 
(-0.93, -9.09, 3.39) 
(-0.93, -9.09, 3.39) 
(-0.93, -9.09, 3.39) 
(-0.9500000000000001, -8.97, 3.42) 
(-0.9500000000000001, -8.97, 3.42) 
(-0.9500000000000001, -8.97, 3.42) 
(-0.9500000000000001, -8.97, 3.42) 
(-1.04, -8.950000000000001, 3.34) 
(-1.04, -8.950000000000001, 3.34) 
(-1.04, -8.950000000000001, 3.34) 
(-1.17, -8.96, 3.54) 
(-1.17, -8.96, 3.54) 
(-1.17, -8.96, 3.54) 
(-1.26, -8.96, 3.6) 
(-1.26, -8.96, 3.6) 
(-1.26, -8.96, 3.6) 
(-1.3, -9.040000000000001, 3.62) 
(-1.3, -9.040000000000001, 3.62) 
(-1.3, -9.040000000000001, 3.62) 
(-1.26, -9.17, 3.62) 
(-1.26, -9.17, 3.62) 
(-1.26, -9.17, 3.62) 
(-1.26, -9.17, 3.62) 
(-1.16, -9.3, 3.74) 
(-1.16, -9.3, 3.74) 
(-1.16, -9.3, 3.74) 
(-1.1, -9.26, 3.71) 
(-1.1, -9.26, 3.71) 
(-1.1, -9.26, 3.71) 
(-1.11, -9.18, 3.71) 
(-1.11, -9.18, 3.71) 
(-1.21, -9.13, 3.94) 
(-1.21, -9.13, 3.94) 
(-1.3, -9.17, 4.0200000000000005) 
(-1.3, -9.17, 4.0200000000000005) 
(-1.3, -9.17, 4.0200000000000005) 
(-1.3800000000000001, -9.24, 4.0) 
(-1.3800000000000001, -9.24, 4.0) 
(-1.3800000000000001, -9.24, 4.0) 
(-1.44, -9.3, 4.0) 
(-1.44, -9.3, 4.0) 
(-1.44, -9.3, 4.0) 
(-1.44, -9.3, 4.0) 
(-1.35, -9.540000000000001, 4.08) 
(-1.35, -9.540000000000001, 4.08) 
(-1.35, -9.540000000000001, 4.08) 
(-1.3, -9.68, 4.04) 
(-1.3, -9.68, 4.04) 
(-1.3, -9.68, 4.04) 
(-1.29, -9.67, 4.11) 
(-1.29, -9.67, 4.11) 
(-1.29, -9.67, 4.11) 
(-1.29, -9.67, 4.11) 
(-1.34, -9.620000000000001, 4.13) 
(-1.34, -9.620000000000001, 4.13) 
(-1.34, -9.620000000000001, 4.13) 
(-1.37, -9.53, 4.26) 
(-1.37, -9.53, 4.26) 
(-1.37, -9.53, 4.26) 
(-1.3900000000000001, -9.540000000000001, 4.3) 
(-1.3900000000000001, -9.540000000000001, 4.3) 
(-1.3900000000000001, -9.540000000000001, 4.3) 
(-1.44, -9.56, 4.23) 
(-1.44, -9.56, 4.23) 
(-1.44, -9.56, 4.23) 
(-1.5, -9.53, 4.26) 
(-1.5, -9.53, 4.26) 
(-1.5, -9.53, 4.26) 
(-1.5, -9.53, 4.26) 
(-1.43, -9.55, 4.2) 
(-1.43, -9.55, 4.2) 
(-1.43, -9.55, 4.2) 
(-1.45, -9.59, 4.08) 
(-1.45, -9.59, 4.08) 
(-1.45, -9.59, 4.08) 
(-1.46, -9.6, 4.04) 
(-1.46, -9.6, 4.04) 
(-1.46, -9.6, 4.04) 
(-1.46, -9.64, 4.22) 
(-1.46, -9.64, 4.22) 
(-1.46, -9.64, 4.22) 
(-1.46, -9.64, 4.22) 
(-1.46, -9.69, 4.21) 
(-1.46, -9.69, 4.21) 
(-1.46, -9.69, 4.21) 
(-1.46, -9.69, 4.21) 
(-1.49, -9.71, 4.11) 
(-1.49, -9.71, 4.11) 
(-1.49, -9.71, 4.11) 
(-1.5, -9.74, 4.07) 
(-1.5, -9.74, 4.07) 
(-1.5, -9.74, 4.07) 
(-1.41, -9.72, 4.0) 
(-1.41, -9.72, 4.0) 
(-1.41, -9.72, 4.0) 
(-1.43, -9.75, 4.01) 
(-1.43, 317.93, 4.01) 
(-1.43, -9.75, 4.01) 
(-1.44, -9.77, 4.04) 
(-1.44, -9.77, 4.04) 
(-1.44, -9.77, 4.04) 
(-1.45, -9.65, 4.03) 
(-1.45, -9.65, 4.03) 
(-1.45, -9.65, 4.03) 
(-1.45, -9.65, 4.03) 
(-1.37, -9.47, 3.97) 
(-1.37, -9.47, 3.97) 
(-1.37, -9.47, 3.97) 
(-1.36, -9.38, 3.93) 
(-1.36, -9.38, 3.93) 
(-1.36, -9.38, 3.93) 
(-1.4000000000000001, -9.32, 4.05) 
(-1.4000000000000001, -9.32, 4.05) 
(-1.4000000000000001, -9.32, 4.05) 
(-1.47, -9.33, 3.97) 
(-1.47, -9.33, 3.97) 
(-1.47, -9.33, 3.97) 
(-1.47, -9.33, 3.97) 
(-1.52, -9.450000000000001, 3.95) 
(-1.52, -9.450000000000001, 3.95) 
(-1.52, -9.450000000000001, 3.95) 
(-1.44, -9.540000000000001, 4.0200000000000005) 
(-1.44, -9.540000000000001, 4.0200000000000005) 
(-1.44, -9.540000000000001, 4.0200000000000005) 
(-1.35, -9.61, 4.0200000000000005) 
(-1.35, -9.61, 4.0200000000000005) 
(-1.35, -9.61, 4.0200000000000005) 
(-1.24, -9.44, 3.96) 
(-1.24, -9.44, 3.96) 
(-1.24, -9.44, 3.96) 
(-1.32, -9.35, 3.98) 
(-1.32, -9.35, 3.98) 
(-1.32, -9.35, 3.98) 
(-1.32, -9.35, 3.98) 
(-1.4000000000000001, -9.22, 4.03) 
(-1.4000000000000001, -9.22, 4.03) 
(-1.4000000000000001, -9.22, 4.03) 
(-1.41, -9.120000000000001, 4.07) 
(-1.41, -9.120000000000001, 4.07) 
(-1.41, -9.120000000000001, 4.07) 
(-1.3900000000000001, -9.09, 3.96) 
(-1.3900000000000001, -9.09, 3.96) 
(-1.3900000000000001, -9.09, 3.96) 
(-1.35, -9.16, 3.99) 
(-1.35, -9.16, 3.99) 
(-1.35, -9.16, 3.99) 
(-1.23, -9.36, 3.95) 
(-1.23, -9.36, 3.95) 
(-1.23, -9.36, 3.95) 
(-1.23, -9.36, 3.95) 
(-1.04, -9.63, 3.81) 
(-1.04, -9.63, 3.81) 
(-1.04, -9.63, 3.81) 
(-1.01, -9.8, 3.71) 
(-1.01, -9.8, 3.71) 
(-1.01, -9.8, 3.71) 
(-1.09, -9.870000000000001, 3.64) 
(-1.09, -9.870000000000001, 3.64) 
(-1.09, -9.870000000000001, 3.64) 
(-1.12, -9.950000000000001, 3.83) 
(-1.12, -9.950000000000001, 3.83) 
(-1.12, -9.950000000000001, 3.83) 
(-1.24, -9.89, 3.84) 
(-1.24, -9.89, 3.84) 
(-1.24, -9.89, 3.84) 
(-1.24, -9.89, 3.84) 
(-1.28, -9.97, 3.91) 
(-1.28, -9.97, 3.91) 
(-1.28, -9.97, 3.91) 
(-1.27, -9.97, 4.05) 
(-1.27, -9.97, 4.05) 
(-1.27, -9.97, 4.05) 
(-1.19, -10.02, 4.04) 
(-1.19, -10.02, 4.04) 
(-1.19, -10.02, 4.04) 
(-1.01, -10.290000000000001, 4.13) 
(-1.01, -10.290000000000001, 4.13) 
(-1.01, -10.290000000000001, 4.13) 
(-1.06, -10.43, 4.16) 
(-1.06, -10.43, 4.16) 
(-1.06, -10.43, 4.16) 
(-1.06, -10.43, 4.16) 
(-1.32, -10.56, 4.01) 
(-1.32, -10.56, 4.01) 
(-1.32, -10.56, 4.01) 
(-1.6500000000000001, -10.59, 4.03) 
(-1.6500000000000001, -10.59, 4.03) 
(-1.6500000000000001, -10.59, 4.03) 
(-1.9100000000000001, -10.700000000000001, 4.6000000000000005) 
(-1.9100000000000001, -10.700000000000001, 4.6000000000000005) 
(-1.9100000000000001, -10.700000000000001, 4.6000000000000005) 
(-1.77, -10.870000000000001, 4.74) 
(-1.77, -10.870000000000001, 4.74) 
(-1.77, -10.870000000000001, 4.74) 
(-1.7, -10.94, 4.74) 
(-1.7, -10.94, 4.74) 
(-1.7, -10.94, 4.74) 
(-1.7, -10.94, 4.74) 
(-1.9000000000000001, -10.78, 4.5200000000000005) 
(-1.9000000000000001, -10.78, 4.5200000000000005) 
(-1.9000000000000001, -10.78, 4.5200000000000005) 
(-1.95, -10.76, 4.63) 
(-1.95, -10.76, 4.63) 
(-1.95, -10.76, 4.63) 
(-2.0100000000000002, -10.85, 4.65) 
(-2.0100000000000002, -10.85, 4.65) 
(-1.96, -10.97, 4.64) 
(-1.72, -11.32, 4.78) 
(-1.72, -11.32, 4.78) 
(-1.72, -11.32, 4.78) 
(-1.81, -11.51, 4.44) 
(-1.95, -11.67, 4.22) 
(-1.95, -11.67, 4.22) 
(-1.95, -11.67, 4.22) 
(-2.23, -11.93, 4.3) 
(-2.23, -11.93, 4.3) 
(-2.57, -12.33, 4.26) 
(-2.57, -12.33, 4.26) 
(-2.57, -12.33, 4.26) 
(-2.5, -12.71, 4.2700000000000005) 
(-2.39, -13.11, 4.45) 
(-2.07, -12.780000000000001, 4.97) 
(-2.07, -12.780000000000001, 4.97) 
(-2.07, -12.780000000000001, 4.97) 
(-1.92, -12.530000000000001, 4.5200000000000005) 
(-1.92, -12.530000000000001, 4.5200000000000005) 
(-1.73, -11.9, 4.0) 
(-1.73, -11.9, 4.0) 
(-1.47, -11.15, 4.12) 
(-1.54, -10.99, 3.65) 
(-1.54, -10.99, 3.65) 
(-1.54, -10.99, 3.65) 
(-1.77, 316.23, 2.5500000000000003) 
(-1.77, -11.450000000000001, 2.5500000000000003) 
(-1.77, -11.450000000000001, 2.5500000000000003) 
(-2.15, -12.05, 2.18) 
(-2.15, -12.05, 2.18) 
(-2.15, -12.05, 2.18) 
(-2.47, -13.0, 2.58) 
(-2.47, -13.0, 2.58) 
(-2.47, -13.0, 2.58) 
(-2.27, -13.0, 3.0) 
(-2.27, -13.0, 3.0) 
(-2.27, -13.0, 3.0) 
(-2.27, -13.0, 3.0) 
(-2.56, -12.43, 3.87) 
(-2.56, -12.43, 3.87) 
(-2.56, -12.43, 3.87) 
(-2.09, -12.21, 3.16) 
(-2.09, -12.21, 3.16) 
(-2.09, -12.21, 3.16) 
(-1.72, -11.56, 4.21) 
(-1.72, -11.56, 4.21) 
(-1.72, -11.56, 4.21) 
(-1.61, -11.35, 3.04) 
(-1.61, -11.35, 3.04) 
(-1.61, -11.35, 3.04) 
(-1.61, -11.26, 2.13) 
(-1.61, -11.26, 2.13) 
(-1.61, -11.26, 2.13) 
(-1.61, -11.26, 2.13) 
(-1.9000000000000001, -11.51, 1.79) 
(-1.9000000000000001, -11.51, 1.79) 
(-1.9000000000000001, -11.51, 1.79) 
(-2.29, -11.65, 1.42) 
(-2.29, -11.65, 1.42) 
(-2.29, -11.65, 1.42) 
(-2.31, -11.99, 1.57) 
(-2.31, -11.99, 1.57) 
(-2.31, -11.99, 1.57) 
(-2.36, -12.35, 1.46) 
(-2.36, -12.35, 1.46) 
(-2.36, -12.35, 1.46) 
(-2.44, -12.55, 1.3800000000000001) 
(-2.44, -12.55, 1.3800000000000001) 
(-2.44, -12.55, 1.3800000000000001) 
(-2.44, -12.55, 1.3800000000000001) 
(-2.46, -12.02, 2.1) 
(-2.46, -12.02, 2.1) 
(-2.46, -12.02, 2.1) 
(-2.32, -11.53, 2.21) 
(-2.32, -11.53, 2.21) 
(-2.32, -11.53, 2.21) 
(-1.99, -11.06, 1.93) 
(-1.99, -11.06, 1.93) 
(-1.99, -11.06, 1.93) 
(-1.6, -10.63, 1.24) 
(-1.6, -10.63, 1.24) 
(-1.6, -10.63, 1.24) 
(-1.8, -10.4, 0.53) 
(-1.8, -10.4, 0.53) 
(-1.8, -10.4, 0.53) 
(-1.9000000000000001, -10.42, 0.02) 
(-1.9000000000000001, -10.42, 0.02) 
(-1.9000000000000001, -10.42, 0.02) 
(-2.06, -10.49, -0.38) 
(-2.06, -10.49, -0.38) 
(-2.06, -10.49, -0.38) 
(-2.31, -10.52, 0.02) 
(-2.31, -10.52, 0.02) 
(-2.31, -10.52, 0.02) 
(-2.27, -10.46, 0.4) 
(-2.27, -10.46, 0.4) 
(-2.27, -10.46, 0.4) 
(-2.08, -10.46, 0.43) 
(-2.08, -10.46, 0.43) 
(-2.08, -10.46, 0.43) 
(-2.08, -10.46, 0.43) 
(-1.81, -10.49, 0.33) 
(-1.81, -10.49, 0.33) 
(-1.81, -10.49, 0.33) 
(-1.6600000000000001, -10.3, -0.19) 
(-1.6600000000000001, -10.3, -0.19) 
(-1.6600000000000001, -10.3, -0.19) 
(-1.51, -9.97, -0.35000000000000003) 
(-1.51, -9.97, -0.35000000000000003) 
(-1.51, -9.97, -0.35000000000000003) 
(-1.37, -9.43, -0.39) 
(-1.37, -9.43, -0.39) 
(-1.37, -9.43, -0.39) 
(-1.73, -8.75, -1.32) 
(-1.73, -8.75, -1.32) 
(-1.73, -8.75, -1.32) 
(-1.73, -8.75, -1.32) 
(-1.9100000000000001, -8.66, -1.93) 
(-1.9100000000000001, -8.66, -1.93) 
(-1.9100000000000001, -8.66, 325.75) 
(-1.93, -8.65, -1.79) 
(-1.93, -8.65, -1.79) 
(-1.93, -8.65, -1.79) 
(-1.77, -8.8, -0.97) 
(-1.77, -8.8, -0.97) 
(-1.77, -8.8, -0.97) 
(-1.6300000000000001, -9.55, -0.86) 
(-1.6300000000000001, -9.55, -0.86) 
(-1.6300000000000001, -9.55, -0.86) 
(-1.57, -9.61, -1.1500000000000001) 
(-1.57, -9.61, -1.1500000000000001) 
(-1.57, -9.61, -1.1500000000000001) 
(-1.57, -9.61, -1.1500000000000001) 
(-1.54, -9.53, -1.03) 
(-1.54, -9.53, -1.03) 
(-1.54, -9.53, -1.03) 
(-1.48, -9.39, -0.75) 
(-1.48, -9.39, -0.75) 
(-1.48, -9.39, -0.75) 
(-1.56, -9.42, -1.19) 
(-1.56, -9.42, -1.19) 
(-1.56, -9.42, -1.19) 
(-1.5, -9.28, -1.12) 
(-1.5, -9.28, -1.12) 
(-1.5, -9.28, -1.12) 
(-1.47, -9.31, -1.03) 
(-1.47, -9.31, -1.03) 
(-1.47, -9.31, -1.03) 
(-1.47, -9.31, -1.03) 
(-1.51, -9.43, -1.03) 
(-1.51, -9.43, -1.03) 
(-1.51, -9.43, -1.03) 
(-1.55, -9.68, -1.22) 
(-1.55, -9.68, -1.22) 
(-1.55, -9.68, -1.22) 
(-1.6400000000000001, -9.82, -1.2) 
(-1.6400000000000001, -9.82, -1.2) 
(-1.6400000000000001, -9.82, -1.2) 
(-1.6500000000000001, -9.9, -0.99) 
(-1.6500000000000001, -9.9, -0.99) 
(-1.6500000000000001, -9.9, -0.99) 
(-1.25, -9.93, -0.6900000000000001) 
(-1.25, -9.93, -0.6900000000000001) 
(-1.25, -9.93, -0.6900000000000001) 
(-1.25, -9.93, -0.6900000000000001) 
(-1.27, -10.03, -1.03) 
(-1.27, -10.03, -1.03) 
(-1.27, -10.03, -1.03) 
(-1.31, -9.97, -1.48) 
(-1.31, -9.97, -1.48) 
(-1.31, -9.97, -1.48) 
(-1.29, -9.83, -1.3900000000000001) 
(-1.29, -9.83, -1.3900000000000001) 
(-1.29, -9.83, -1.3900000000000001) 
(-1.1, -10.02, -1.05) 
(-1.1, -10.02, -1.05) 
(-1.1, -10.02, -1.05) 
(-1.07, -10.09, -1.11) 
(-1.07, -10.09, -1.11) 
(-1.07, -10.09, -1.11) 
(-1.07, -10.09, -1.11) 
(-1.01, -10.19, -1.07) 
(-1.01, -10.19, -1.07) 
(-1.01, -10.19, -1.07) 
(-1.01, -10.36, -1.16) 
(-1.01, -10.36, -1.16) 
(-1.01, -10.36, 326.52) 
(-0.97, -10.27, -0.67) 
(-0.97, -10.27, -0.67) 
(-0.97, -10.27, -0.67) 
(-1.04, -10.25, -0.9) 
(-1.04, -10.25, -0.9) 
(-1.04, -10.25, -0.9) 
(-1.03, -10.1, -1.03) 
(-1.03, -10.1, -1.03) 
(-1.03, -10.1, -1.03) 
(-1.03, -10.1, -1.03) 
(-1.11, -9.96, -0.88) 
(-1.11, -9.96, -0.88) 
(-1.1, -9.86, -0.97) 
(-1.1, -9.86, -0.97) 
(-1.1, -9.86, -0.97) 
(-1.1, -9.86, -0.97) 
(-1.02, -9.76, -0.7000000000000001) 
(-1.02, -9.76, -0.7000000000000001) 
(-1.02, -9.76, -0.7000000000000001) 
(-1.06, -9.66, -0.56) 
(-1.06, -9.66, -0.56) 
(-1.06, -9.66, -0.56) 
(-1.1500000000000001, -9.39, -0.97) 
(-1.1500000000000001, -9.39, -0.97) 
(-1.1500000000000001, -9.39, -0.97) 
(-1.1500000000000001, -9.39, -0.97) 
(-1.02, -9.49, -0.88) 
(-1.02, -9.49, -0.88) 
(-1.02, -9.49, -0.88) 
(-0.9, -9.57, -0.6900000000000001) 
(-0.9, -9.57, -0.6900000000000001) 
(-0.9, -9.57, -0.6900000000000001) 
(-0.89, -9.67, -0.9) 
(-0.89, -9.67, -0.9) 
(-0.89, -9.67, -0.9) 
(-0.73, -9.77, -1.07) 
(-0.73, -9.77, -1.07) 
(-0.73, -9.77, -1.07) 
(-0.85, -9.74, -0.92) 
(-0.85, -9.74, -0.92) 
(-0.85, -9.74, -0.92) 
(-0.85, -9.74, -0.92) 
(-0.99, -9.72, -1.16) 
(-0.99, -9.72, -1.16) 
(-0.99, -9.72, -1.16) 
(-1.2, -9.17, -0.59) 
(-1.2, -9.17, -0.59) 
(-1.2, -9.17, -0.59) 
(-1.33, -8.93, -0.26) 
(-1.33, -8.93, -0.26) 
(-1.33, -8.93, -0.26) 
(-1.43, -8.74, -0.65) 
(-1.43, -8.74, -0.65) 
(-1.43, -8.74, -0.65) 
(-1.6300000000000001, -8.47, -1.01) 
(-1.6300000000000001, -8.47, -1.01) 
(-1.6300000000000001, -8.47, -1.01) 
(-1.6300000000000001, -8.47, -1.01) 
(-1.6400000000000001, -8.22, -0.55) 
(-1.6400000000000001, -8.22, -0.55) 
(-1.6400000000000001, -8.22, -0.55) 
(-1.56, -8.13, -0.51) 
(-1.56, -8.13, -0.51) 
(-1.56, -8.13, -0.51) 
(-1.37, -8.07, -0.72) 
(-1.37, -8.07, -0.72) 
(-1.37, -8.07, -0.72) 
(-1.09, -7.88, -0.86) 
(-1.09, -7.88, -0.86) 
(-1.09, -7.88, -0.86) 
(-0.96, -7.44, -0.96) 
(-0.96, -7.44, -0.96) 
(-0.96, -7.44, -0.96) 
(-0.96, -7.44, -0.96) 
(-0.93, -7.16, -0.9) 
(-0.93, -7.16, -0.9) 
(-0.93, -7.16, -0.9) 
(-0.92, -6.97, -0.98) 
(-0.92, -6.97, -0.98) 
(-0.92, -6.97, -0.98) 
(-0.8200000000000001, -6.44, -1.1500000000000001) 
(-0.8200000000000001, -6.44, -1.1500000000000001) 
(-0.8200000000000001, -6.44, -1.1500000000000001) 
(-0.77, -6.38, -1.4000000000000001) 
(-0.77, -6.38, -1.4000000000000001) 
(-0.77, -6.38, -1.4000000000000001) 
(-0.72, -6.3100000000000005, -1.6600000000000001) 
(-0.72, -6.3100000000000005, -1.6600000000000001) 
(-0.72, -6.3100000000000005, -1.6600000000000001) 
(-0.72, -6.3100000000000005, -1.6600000000000001) 
(-0.62, -6.03, -1.62) 
(-0.62, -6.03, -1.62) 
(-0.62, -6.03, -1.62) 
(-0.59, -5.5, -1.81) 
(-0.59, -5.5, -1.81) 
(-0.59, -5.5, -1.81) 
(-0.73, -5.39, -2.21) 
(-0.73, -5.39, -2.21) 
(-0.73, -5.39, -2.21) 
(-0.84, -5.21, -2.5100000000000002) 
(-0.84, -5.21, -2.5100000000000002) 
(-0.84, -5.21, -2.5100000000000002) 
(-0.8, -5.19, -2.8000000000000003) 
(-0.8, -5.19, -2.8000000000000003) 
(-0.8, -5.19, -2.8000000000000003) 
(-0.8, -5.19, -2.8000000000000003) 
(-0.74, -5.0600000000000005, -2.83) 
(-0.74, -5.0600000000000005, -2.83) 
(-0.74, -5.0600000000000005, -2.83) 
(-0.54, -5.04, -2.35) 
(-0.54, -5.04, -2.35) 
(-0.54, -5.04, -2.35) 
(-0.5700000000000001, -5.41, -2.6) 
(-0.68, -6.24, -3.14) 
(-0.93, -6.78, -2.62) 
(-0.93, -6.78, -2.62) 
(-0.93, -6.78, -2.62) 
(-1.28, -7.3500000000000005, -2.3000000000000003) 
(-1.49, -8.06, -2.48) 
(-1.49, -8.06, -2.48) 
(-1.49, -8.06, -2.48) 
(-1.8800000000000001, -9.620000000000001, -2.6) 
(-1.8800000000000001, -9.620000000000001, -2.6) 
(-1.8800000000000001, -9.620000000000001, -2.6) 
(-1.93, -10.200000000000001, -2.22) 
(-1.93, -10.200000000000001, -2.22) 
(-2.0100000000000002, -10.8, -2.0) 
(-2.0100000000000002, -10.8, -2.0) 
(-2.21, -11.26, -2.18) 
(-2.21, -11.26, -2.18) 
(-2.21, -11.26, -2.18) 
(-2.84, -11.41, -2.54) 
(-2.84, -11.41, -2.54) 
(-3.27, -11.32, -2.11) 
(-3.27, -11.32, -2.11) 
(-3.27, -11.32, -2.11) 
(-3.6, -10.91, -1.78) 
(-3.85, -10.42, -1.8800000000000001) 
(-3.85, -10.42, -1.8800000000000001) 
(-3.85, -10.42, -1.8800000000000001) 
(-3.79, -9.74, -1.46) 
(-3.79, -9.74, -1.46) 
(-3.79, -9.74, -1.46) 
(-3.33, -9.57, -1.02) 
(-3.33, -9.57, -1.02) 
(-3.33, -9.57, -1.02) 
(-2.85, -9.4, -1.18) 
(-2.85, -9.4, -1.18) 
(-2.85, -9.4, -1.18) 
(-2.11, -9.38, -1.98) 
(-2.11, -9.38, -1.98) 
(-2.11, -9.38, -1.98) 
(-1.6500000000000001, -9.6, -2.2) 
(-1.6500000000000001, -9.6, -2.2) 
(-1.6500000000000001, -9.6, -2.2) 
(-1.6500000000000001, -9.6, -2.2) 
(-1.33, -9.67, -2.43) 
(-1.33, -9.67, -2.43) 
(-1.02, -9.64, -2.4) 
STOP
